0001.png 24.131 134.998 14415.52
0002.png 24.131 134.999 14415.52
0003.png 24.131 135.0 14415.52
0004.png 24.1315 135.001 14415.475
0005.png 24.132 135.002 14415.43
0006.png 24.1325 135.0035 14415.3
0007.png 24.133 135.005 14415.17
0008.png 24.133 135.006 14415.005
0009.png 24.133 135.007 14414.84
0010.png 24.1335 135.008 14414.7
0011.png 24.134 135.009 14414.56
0012.png 24.134 135.01 14414.49
0013.png 24.134 135.011 14414.42
0014.png 24.1345 135.012 14414.415
0015.png 24.135 135.013 14414.41
0016.png 24.135 135.014 14414.415
0017.png 24.135 135.015 14414.42
0018.png 24.1355 135.016 14414.38
0019.png 24.136 135.017 14414.34
0020.png 24.1365 135.018 14414.35
0021.png 24.137 135.019 14414.36
0022.png 24.137 135.0205 14414.38
0023.png 24.137 135.022 14414.4
0024.png 24.1375 135.023 14414.44
0025.png 24.138 135.024 14414.48
0026.png 24.138 135.025 14414.545
0027.png 24.138 135.026 14414.61
0028.png 24.1385 135.027 14414.735
0029.png 24.139 135.028 14414.86
0030.png 24.139 135.029 14415.055
0031.png 24.139 135.03 14415.25
0032.png 24.1395 135.031 14415.415
0033.png 24.14 135.032 14415.58
0034.png 24.1405 135.033 14415.725
0035.png 24.141 135.034 14415.87
0036.png 24.141 135.035 14415.94
0037.png 24.141 135.036 14416.01
0038.png 24.1415 135.037 14416.055
0039.png 24.142 135.038 14416.1
0040.png 24.142 135.0395 14416.13
0041.png 24.142 135.041 14416.16
0042.png 24.1425 135.042 14416.14
0043.png 24.143 135.043 14416.12
0044.png 24.143 135.044 14416.08
0045.png 24.143 135.045 14416.04
0046.png 24.1435 135.046 14415.95
0047.png 24.144 135.047 14415.86
0048.png 24.144 135.048 14415.685
0049.png 24.144 135.049 14415.51
0050.png 24.1445 135.05 14415.33
0051.png 24.145 135.051 14415.15
0052.png 24.1455 135.052 14414.945
0053.png 24.146 135.053 14414.74
0054.png 24.146 135.054 14414.52
0055.png 24.146 135.055 14414.3
0056.png 24.1465 135.056 14414.09
0057.png 24.147 135.057 14413.88
0058.png 24.147 135.0585 14413.61
0059.png 24.147 135.06 14413.34
0060.png 24.1475 135.061 14413.125
0061.png 24.148 135.062 14412.91
0062.png 24.148 135.063 14412.75
0063.png 24.148 135.064 14412.59
0064.png 24.1485 135.065 14412.41
0065.png 24.149 135.066 14412.23
0066.png 24.149 135.067 14412.06
0067.png 24.149 135.068 14411.89
0068.png 24.1495 135.069 14411.7
0069.png 24.15 135.07 14411.51
0070.png 24.1505 135.071 14411.39
0071.png 24.151 135.072 14411.27
0072.png 24.151 135.073 14411.17
0073.png 24.151 135.074 14411.07
0074.png 24.1515 135.0755 14411.01
0075.png 24.152 135.077 14410.95
0076.png 24.152 135.078 14410.905
0077.png 24.152 135.079 14410.86
0078.png 24.1525 135.08 14410.91
0079.png 24.153 135.081 14410.96
0080.png 24.153 135.082 14411.06
0081.png 24.153 135.083 14411.16
0082.png 24.1535 135.084 14411.315
0083.png 24.154 135.085 14411.47
0084.png 24.154 135.086 14411.615
0085.png 24.154 135.087 14411.76
0086.png 24.1545 135.088 14411.89
0087.png 24.155 135.089 14412.02
0088.png 24.1555 135.09 14412.125
0089.png 24.156 135.091 14412.23
0090.png 24.156 135.092 14412.315
0091.png 24.156 135.093 14412.4
0092.png 24.1565 135.0945 14412.465
0093.png 24.157 135.096 14412.53
0094.png 24.157 135.097 14412.585
0095.png 24.157 135.098 14412.64
0096.png 24.1575 135.099 14412.705
0097.png 24.158 135.1 14412.77
0098.png 24.158 135.101 14412.815
0099.png 24.158 135.102 14412.86
0100.png 24.1585 135.103 14412.85
0101.png 24.159 135.104 14412.84
0102.png 24.159 135.105 14412.8
0103.png 24.159 135.106 14412.76
0104.png 24.1595 135.107 14412.705
0105.png 24.16 135.108 14412.65
0106.png 24.16 135.109 14412.57
0107.png 24.16 135.11 14412.49
0108.png 24.1605 135.111 14412.4
0109.png 24.161 135.112 14412.31
0110.png 24.1615 135.1135 14412.195
0111.png 24.162 135.115 14412.08
0112.png 24.162 135.116 14411.91
0113.png 24.162 135.117 14411.74
0114.png 24.1625 135.118 14411.53
0115.png 24.163 135.119 14411.32
0116.png 24.163 135.12 14411.05
0117.png 24.163 135.121 14410.78
0118.png 24.1635 135.122 14410.485
0119.png 24.164 135.123 14410.19
0120.png 24.164 135.124 14409.965
0121.png 24.164 135.125 14409.74
0122.png 24.1645 135.126 14409.51
0123.png 24.165 135.127 14409.28
0124.png 24.165 135.128 14409.13
0125.png 24.165 135.129 14408.98
0126.png 24.1655 135.13 14408.885
0127.png 24.166 135.131 14408.79
0128.png 24.1665 135.1325 14408.78
0129.png 24.167 135.134 14408.77
0130.png 24.167 135.135 14408.855
0131.png 24.167 135.136 14408.94
0132.png 24.1675 135.137 14409.11
0133.png 24.168 135.138 14409.28
0134.png 24.168 135.139 14409.465
0135.png 24.168 135.14 14409.65
0136.png 24.1685 135.141 14409.775
0137.png 24.169 135.142 14409.9
0138.png 24.169 135.143 14409.91
0139.png 24.169 135.144 14409.92
0140.png 24.1695 135.145 14409.81
0141.png 24.17 135.146 14409.7
0142.png 24.1705 135.147 14409.57
0143.png 24.171 135.148 14409.44
0144.png 24.171 135.149 14409.315
0145.png 24.171 135.15 14409.19
0146.png 24.1715 135.151 14409.12
0147.png 24.172 135.152 14409.05
0148.png 24.172 135.1535 14408.985
0149.png 24.172 135.155 14408.92
0150.png 24.1725 135.156 14408.86
0151.png 24.173 135.157 14408.8
0152.png 24.173 135.158 14408.745
0153.png 24.173 135.159 14408.69
0154.png 24.1735 135.16 14408.625
0155.png 24.174 135.161 14408.56
0156.png 24.1745 135.162 14408.435
0157.png 24.175 135.163 14408.31
0158.png 24.175 135.164 14408.135
0159.png 24.175 135.165 14407.96
0160.png 24.1755 135.166 14407.76
0161.png 24.176 135.167 14407.56
0162.png 24.176 135.168 14407.385
0163.png 24.176 135.169 14407.21
0164.png 24.1765 135.17 14407.095
0165.png 24.177 135.171 14406.98
0166.png 24.1775 135.172 14406.92
0167.png 24.178 135.173 14406.86
0168.png 24.178 135.174 14406.84
0169.png 24.178 135.175 14406.82
0170.png 24.1785 135.1765 14406.825
0171.png 24.179 135.178 14406.83
0172.png 24.179 135.179 14406.88
0173.png 24.179 135.18 14406.93
0174.png 24.1795 135.181 14407.01
0175.png 24.18 135.182 14407.09
0176.png 24.1805 135.183 14407.175
0177.png 24.181 135.184 14407.26
0178.png 24.181 135.185 14407.395
0179.png 24.181 135.186 14407.53
0180.png 24.1815 135.187 14407.685
0181.png 24.182 135.188 14407.84
0182.png 24.182 135.189 14407.995
0183.png 24.182 135.19 14408.15
0184.png 24.1825 135.191 14408.275
0185.png 24.183 135.192 14408.4
0186.png 24.1835 135.193 14408.455
0187.png 24.184 135.194 14408.51
0188.png 24.184 135.195 14408.475
0189.png 24.184 135.196 14408.44
0190.png 24.1845 135.197 14408.37
0191.png 24.185 135.198 14408.3
0192.png 24.185 135.199 14408.215
0193.png 24.185 135.2 14408.13
0194.png 24.1855 135.201 14408.04
0195.png 24.186 135.202 14407.95
0196.png 24.1865 135.2035 14407.885
0197.png 24.187 135.205 14407.82
0198.png 24.187 135.206 14407.735
0199.png 24.187 135.207 14407.65
0200.png 24.1875 135.208 14407.55
0201.png 24.188 135.209 14407.45
0202.png 24.188 135.21 14407.315
0203.png 24.188 135.211 14407.18
0204.png 24.1885 135.212 14407.12
0205.png 24.189 135.213 14407.06
0206.png 24.1895 135.214 14407.01
0207.png 24.19 135.215 14406.96
0208.png 24.19 135.216 14406.96
0209.png 24.19 135.217 14406.96
0210.png 24.1905 135.218 14407.055
0211.png 24.191 135.219 14407.15
0212.png 24.1915 135.22 14407.26
0213.png 24.192 135.221 14407.37
0214.png 24.192 135.222 14407.465
0215.png 24.192 135.223 14407.56
0216.png 24.1925 135.224 14407.635
0217.png 24.193 135.225 14407.71
0218.png 24.193 135.226 14407.705
0219.png 24.193 135.227 14407.7
0220.png 24.1935 135.228 14407.62
0221.png 24.194 135.229 14407.54
0222.png 24.1945 135.23 14407.465
0223.png 24.195 135.231 14407.39
0224.png 24.195 135.2325 14407.35
0225.png 24.195 135.234 14407.31
0226.png 24.1955 135.235 14407.32
0227.png 24.196 135.236 14407.33
0228.png 24.1965 135.237 14407.39
0229.png 24.197 135.238 14407.45
0230.png 24.197 135.239 14407.54
0231.png 24.197 135.24 14407.63
0232.png 24.1975 135.241 14407.73
0233.png 24.198 135.242 14407.83
0234.png 24.198 135.243 14407.94
0235.png 24.198 135.244 14408.05
0236.png 24.1985 135.245 14408.19
0237.png 24.199 135.246 14408.33
0238.png 24.1995 135.247 14408.49
0239.png 24.2 135.248 14408.65
0240.png 24.2 135.249 14408.825
0241.png 24.2 135.25 14409.0
0242.png 24.2005 135.251 14409.16
0243.png 24.201 135.252 14409.32
0244.png 24.2015 135.253 14409.405
0245.png 24.202 135.254 14409.49
0246.png 24.202 135.255 14409.52
0247.png 24.202 135.256 14409.55
0248.png 24.2025 135.257 14409.555
0249.png 24.203 135.258 14409.56
0250.png 24.2035 135.259 14409.51
0251.png 24.204 135.26 14409.46
0252.png 24.204 135.261 14409.355
0253.png 24.204 135.262 14409.25
0254.png 24.2045 135.263 14409.085
0255.png 24.205 135.264 14408.92
0256.png 24.205 135.265 14408.725
0257.png 24.205 135.266 14408.53
0258.png 24.2055 135.267 14408.335
0259.png 24.206 135.268 14408.14
0260.png 24.2065 135.2695 14408.015
0261.png 24.207 135.271 14407.89
0262.png 24.207 135.272 14407.88
0263.png 24.207 135.273 14407.87
0264.png 24.2075 135.274 14407.93
0265.png 24.208 135.275 14407.99
0266.png 24.2085 135.276 14408.085
0267.png 24.209 135.277 14408.18
0268.png 24.209 135.278 14408.305
0269.png 24.209 135.279 14408.43
0270.png 24.2095 135.28 14408.495
0271.png 24.21 135.281 14408.56
0272.png 24.21 135.282 14408.545
0273.png 24.21 135.283 14408.53
0274.png 24.2105 135.284 14408.44
0275.png 24.211 135.285 14408.35
0276.png 24.2115 135.286 14408.245
0277.png 24.212 135.287 14408.14
0278.png 24.212 135.288 14407.97
0279.png 24.212 135.289 14407.8
0280.png 24.2125 135.29 14407.59
0281.png 24.213 135.291 14407.38
0282.png 24.2135 135.292 14407.21
0283.png 24.214 135.293 14407.04
0284.png 24.214 135.294 14406.905
0285.png 24.214 135.295 14406.77
0286.png 24.2145 135.296 14406.6
0287.png 24.215 135.297 14406.43
0288.png 24.2155 135.298 14406.33
0289.png 24.216 135.299 14406.23
0290.png 24.216 135.3 14406.205
0291.png 24.216 135.301 14406.18
0292.png 24.2165 135.302 14406.135
0293.png 24.217 135.303 14406.09
0294.png 24.217 135.304 14406.035
0295.png 24.217 135.305 14405.98
0296.png 24.2175 135.306 14405.935
0297.png 24.218 135.307 14405.89
0298.png 24.2185 135.308 14405.81
0299.png 24.219 135.309 14405.73
0300.png 24.219 135.3105 14405.62
0301.png 24.219 135.312 14405.51
0302.png 24.2195 135.313 14405.43
0303.png 24.22 135.314 14405.35
0304.png 24.2205 135.315 14405.375
0305.png 24.221 135.316 14405.4
0306.png 24.221 135.317 14405.44
0307.png 24.221 135.318 14405.48
0308.png 24.2215 135.319 14405.455
0309.png 24.222 135.32 14405.43
0310.png 24.222 135.321 14405.285
0311.png 24.222 135.322 14405.14
0312.png 24.2225 135.323 14404.87
0313.png 24.223 135.324 14404.6
0314.png 24.223 135.325 14404.265
0315.png 24.223 135.326 14403.93
0316.png 24.2235 135.327 14403.565
0317.png 24.224 135.328 14403.2
0318.png 24.224 135.329 14402.805
0319.png 24.224 135.33 14402.41
0320.png 24.2245 135.331 14401.985
0321.png 24.225 135.332 14401.56
0322.png 24.225 135.333 14401.22
0323.png 24.225 135.334 14400.88
0324.png 24.225 135.3355 14400.765
0325.png 24.225 135.337 14400.65
0326.png 24.2255 135.338 14400.68
0327.png 24.226 135.339 14400.71
0328.png 24.226 135.34 14400.85
0329.png 24.226 135.341 14400.99
0330.png 24.226 135.342 14401.2
0331.png 24.226 135.343 14401.41
0332.png 24.226 135.344 14401.65
0333.png 24.226 135.345 14401.89
0334.png 24.2265 135.346 14402.135
0335.png 24.227 135.347 14402.38
0336.png 24.227 135.348 14402.625
0337.png 24.227 135.349 14402.87
0338.png 24.227 135.35 14403.125
0339.png 24.227 135.351 14403.38
0340.png 24.227 135.3525 14403.65
0341.png 24.227 135.354 14403.92
0342.png 24.227 135.355 14404.225
0343.png 24.227 135.356 14404.53
0344.png 24.227 135.357 14404.825
0345.png 24.227 135.358 14405.12
0346.png 24.227 135.359 14405.415
0347.png 24.227 135.36 14405.71
0348.png 24.227 135.361 14406.0
0349.png 24.227 135.362 14406.29
0350.png 24.227 135.363 14406.535
0351.png 24.227 135.364 14406.78
0352.png 24.227 135.365 14406.985
0353.png 24.227 135.366 14407.19
0354.png 24.227 135.3675 14407.365
0355.png 24.227 135.369 14407.54
0356.png 24.2265 135.37 14407.685
0357.png 24.226 135.371 14407.83
0358.png 24.226 135.372 14407.955
0359.png 24.226 135.373 14408.08
0360.png 24.226 135.374 14408.17
0361.png 24.226 135.375 14408.26
0362.png 24.226 135.376 14408.315
0363.png 24.226 135.377 14408.37
0364.png 24.2255 135.378 14408.42
0365.png 24.225 135.379 14408.47
0366.png 24.225 135.38 14408.515
0367.png 24.225 135.381 14408.56
0368.png 24.225 135.382 14408.585
0369.png 24.225 135.383 14408.61
0370.png 24.2245 135.384 14408.59
0371.png 24.224 135.385 14408.57
0372.png 24.224 135.386 14408.47
0373.png 24.224 135.387 14408.37
0374.png 24.224 135.388 14408.23
0375.png 24.224 135.389 14408.09
0376.png 24.2235 135.3905 14407.925
0377.png 24.223 135.392 14407.76
0378.png 24.223 135.393 14407.58
0379.png 24.223 135.394 14407.4
0380.png 24.2225 135.395 14407.22
0381.png 24.222 135.396 14407.04
0382.png 24.2215 135.397 14406.855
0383.png 24.221 135.398 14406.67
0384.png 24.221 135.399 14406.44
0385.png 24.221 135.4 14406.21
0386.png 24.2205 135.401 14405.92
0387.png 24.22 135.402 14405.63
0388.png 24.22 135.403 14405.335
0389.png 24.22 135.404 14405.04
0390.png 24.2195 135.405 14404.805
0391.png 24.219 135.406 14404.57
0392.png 24.2185 135.407 14404.41
0393.png 24.218 135.408 14404.25
0394.png 24.2175 135.409 14404.22
0395.png 24.217 135.41 14404.19
0396.png 24.217 135.4105 14404.245
0397.png 24.217 135.411 14404.3
0398.png 24.2165 135.412 14404.315
0399.png 24.216 135.413 14404.33
0400.png 24.2155 135.414 14404.33
0401.png 24.215 135.415 14404.33
0402.png 24.2145 135.416 14404.33
0403.png 24.214 135.417 14404.33
0404.png 24.2135 135.418 14404.34
0405.png 24.213 135.419 14404.35
0406.png 24.2125 135.42 14404.335
0407.png 24.212 135.421 14404.32
0408.png 24.2115 135.422 14404.29
0409.png 24.211 135.423 14404.26
0410.png 24.2105 135.424 14404.215
0411.png 24.21 135.425 14404.17
0412.png 24.2095 135.4255 14404.115
0413.png 24.209 135.426 14404.06
0414.png 24.2085 135.427 14404.015
0415.png 24.208 135.428 14403.97
0416.png 24.2075 135.429 14403.94
0417.png 24.207 135.43 14403.91
0418.png 24.2065 135.431 14403.935
0419.png 24.206 135.432 14403.96
0420.png 24.2055 135.4325 14404.045
0421.png 24.205 135.433 14404.13
0422.png 24.2045 135.434 14404.265
0423.png 24.204 135.435 14404.4
0424.png 24.2035 135.436 14404.555
0425.png 24.203 135.437 14404.71
0426.png 24.2025 135.4375 14404.81
0427.png 24.202 135.438 14404.91
0428.png 24.2015 135.439 14404.955
0429.png 24.201 135.44 14405.0
0430.png 24.2 135.441 14405.03
0431.png 24.199 135.442 14405.06
0432.png 24.1985 135.4425 14405.05
0433.png 24.198 135.443 14405.04
0434.png 24.1975 135.444 14404.96
0435.png 24.197 135.445 14404.88
0436.png 24.1965 135.4455 14404.79
0437.png 24.196 135.446 14404.7
0438.png 24.195 135.447 14404.6
0439.png 24.194 135.448 14404.5
0440.png 24.1935 135.4485 14404.36
0441.png 24.193 135.449 14404.22
0442.png 24.1925 135.45 14404.0
0443.png 24.192 135.451 14403.78
0444.png 24.191 135.4515 14403.47
0445.png 24.19 135.452 14403.16
0446.png 24.1895 135.453 14402.84
0447.png 24.189 135.454 14402.52
0448.png 24.188 135.4545 14402.29
0449.png 24.187 135.455 14402.06
0450.png 24.1865 135.456 14401.97
0451.png 24.186 135.457 14401.88
0452.png 24.185 135.4575 14401.895
0453.png 24.184 135.458 14401.91
0454.png 24.1835 135.4585 14401.98
0455.png 24.183 135.459 14402.05
0456.png 24.182 135.46 14402.085
0457.png 24.181 135.461 14402.12
0458.png 24.1805 135.4615 14402.15
0459.png 24.18 135.462 14402.18
0460.png 24.179 135.4625 14402.175
0461.png 24.178 135.463 14402.17
0462.png 24.1775 135.4635 14402.12
0463.png 24.177 135.464 14402.07
0464.png 24.176 135.4645 14401.99
0465.png 24.175 135.465 14401.91
0466.png 24.1745 135.466 14401.805
0467.png 24.174 135.467 14401.7
0468.png 24.173 135.4675 14401.59
0469.png 24.172 135.468 14401.48
0470.png 24.171 135.4685 14401.36
0471.png 24.17 135.469 14401.24
0472.png 24.1695 135.4695 14401.12
0473.png 24.169 135.47 14401.0
0474.png 24.168 135.4705 14400.895
0475.png 24.167 135.471 14400.79
0476.png 24.1665 135.4715 14400.695
0477.png 24.166 135.472 14400.6
0478.png 24.165 135.4725 14400.52
0479.png 24.164 135.473 14400.44
0480.png 24.163 135.4735 14400.385
0481.png 24.162 135.474 14400.33
0482.png 24.161 135.4745 14400.31
0483.png 24.16 135.475 14400.29
0484.png 24.1595 135.4755 14400.32
0485.png 24.159 135.476 14400.35
0486.png 24.158 135.476 14400.395
0487.png 24.157 135.476 14400.44
0488.png 24.156 135.4765 14400.495
0489.png 24.155 135.477 14400.55
0490.png 24.154 135.4775 14400.64
0491.png 24.153 135.478 14400.73
0492.png 24.1525 135.4785 14400.81
0493.png 24.152 135.479 14400.89
0494.png 24.151 135.4795 14400.94
0495.png 24.15 135.48 14400.99
0496.png 24.149 135.48 14401.05
0497.png 24.148 135.48 14401.11
0498.png 24.147 135.4805 14401.205
0499.png 24.146 135.481 14401.3
0500.png 24.1455 135.481 14401.46
0501.png 24.145 135.481 14401.62
0502.png 24.144 135.4815 14401.84
0503.png 24.143 135.482 14402.06
0504.png 24.142 135.4825 14402.275
0505.png 24.141 135.483 14402.49
0506.png 24.14 135.483 14402.665
0507.png 24.139 135.483 14402.84
0508.png 24.138 135.4835 14402.9
0509.png 24.137 135.484 14402.96
0510.png 24.136 135.484 14402.965
0511.png 24.135 135.484 14402.97
0512.png 24.1345 135.484 14402.945
0513.png 24.134 135.484 14402.92
0514.png 24.133 135.4845 14402.82
0515.png 24.132 135.485 14402.72
0516.png 24.131 135.485 14402.635
0517.png 24.13 135.485 14402.55
0518.png 24.129 135.4855 14402.475
0519.png 24.128 135.486 14402.4
0520.png 24.127 135.486 14402.305
0521.png 24.126 135.486 14402.21
0522.png 24.125 135.486 14402.16
0523.png 24.124 135.486 14402.11
0524.png 24.123 135.486 14402.1
0525.png 24.122 135.486 14402.09
0526.png 24.121 135.486 14402.11
0527.png 24.12 135.486 14402.13
0528.png 24.1195 135.4865 14402.195
0529.png 24.119 135.487 14402.26
0530.png 24.118 135.487 14402.385
0531.png 24.117 135.487 14402.51
0532.png 24.116 135.487 14402.625
0533.png 24.115 135.487 14402.74
0534.png 24.114 135.487 14402.83
0535.png 24.113 135.487 14402.92
0536.png 24.112 135.487 14403.02
0537.png 24.111 135.487 14403.12
0538.png 24.11 135.487 14403.165
0539.png 24.109 135.487 14403.21
0540.png 24.108 135.487 14403.22
0541.png 24.107 135.487 14403.23
0542.png 24.106 135.487 14403.215
0543.png 24.105 135.487 14403.2
0544.png 24.104 135.4865 14403.15
0545.png 24.103 135.486 14403.1
0546.png 24.1025 135.486 14403.07
0547.png 24.102 135.486 14403.04
0548.png 24.101 135.486 14403.01
0549.png 24.1 135.486 14402.98
0550.png 24.099 135.486 14402.93
0551.png 24.098 135.486 14402.88
0552.png 24.097 135.486 14402.855
0553.png 24.096 135.486 14402.83
0554.png 24.095 135.4855 14402.835
0555.png 24.094 135.485 14402.84
0556.png 24.093 135.485 14402.89
0557.png 24.092 135.485 14402.94
0558.png 24.091 135.485 14403.09
0559.png 24.09 135.485 14403.24
0560.png 24.089 135.4845 14403.46
0561.png 24.088 135.484 14403.68
0562.png 24.0875 135.484 14403.945
0563.png 24.087 135.484 14404.21
0564.png 24.086 135.4835 14404.46
0565.png 24.085 135.483 14404.71
0566.png 24.084 135.483 14404.91
0567.png 24.083 135.483 14405.11
0568.png 24.082 135.4825 14405.26
0569.png 24.081 135.482 14405.41
0570.png 24.08 135.482 14405.555
0571.png 24.079 135.482 14405.7
0572.png 24.078 135.4815 14405.79
0573.png 24.077 135.481 14405.88
0574.png 24.0765 135.4805 14405.91
0575.png 24.076 135.48 14405.94
0576.png 24.075 135.48 14405.92
0577.png 24.074 135.48 14405.9
0578.png 24.073 135.4795 14405.825
0579.png 24.072 135.479 14405.75
0580.png 24.071 135.4785 14405.6
0581.png 24.07 135.478 14405.45
0582.png 24.069 135.478 14405.265
0583.png 24.068 135.478 14405.08
0584.png 24.0675 135.4775 14404.9
0585.png 24.067 135.477 14404.72
0586.png 24.066 135.4765 14404.555
0587.png 24.065 135.476 14404.39
0588.png 24.064 135.4755 14404.215
0589.png 24.063 135.475 14404.04
0590.png 24.0625 135.4745 14403.895
0591.png 24.062 135.474 14403.75
0592.png 24.061 135.4735 14403.625
0593.png 24.06 135.473 14403.5
0594.png 24.059 135.4725 14403.395
0595.png 24.058 135.472 14403.29
0596.png 24.057 135.4715 14403.21
0597.png 24.056 135.471 14403.13
0598.png 24.0555 135.4705 14403.065
0599.png 24.055 135.47 14403.0
0600.png 24.054 135.4695 14402.925
0601.png 24.053 135.469 14402.85
0602.png 24.052 135.4685 14402.72
0603.png 24.051 135.468 14402.59
0604.png 24.0505 135.4675 14402.41
0605.png 24.05 135.467 14402.23
0606.png 24.049 135.4665 14402.055
0607.png 24.048 135.466 14401.88
0608.png 24.0475 135.4655 14401.73
0609.png 24.047 135.465 14401.58
0610.png 24.046 135.4645 14401.455
0611.png 24.045 135.464 14401.33
0612.png 24.0445 135.463 14401.275
0613.png 24.044 135.462 14401.22
0614.png 24.043 135.4615 14401.165
0615.png 24.042 135.461 14401.11
0616.png 24.0415 135.4605 14401.1
0617.png 24.041 135.46 14401.09
0618.png 24.04 135.459 14401.085
0619.png 24.039 135.458 14401.08
0620.png 24.0385 135.4575 14401.04
0621.png 24.038 135.457 14401.0
0622.png 24.037 135.4565 14400.97
0623.png 24.036 135.456 14400.94
0624.png 24.0355 135.455 14400.965
0625.png 24.035 135.454 14400.99
0626.png 24.034 135.4535 14401.01
0627.png 24.033 135.453 14401.03
0628.png 24.0325 135.452 14401.095
0629.png 24.032 135.451 14401.16
0630.png 24.031 135.4505 14401.27
0631.png 24.03 135.45 14401.38
0632.png 24.0295 135.4495 14401.5
0633.png 24.029 135.449 14401.62
0634.png 24.0285 135.448 14401.72
0635.png 24.028 135.447 14401.82
0636.png 24.027 135.446 14401.88
0637.png 24.026 135.445 14401.94
0638.png 24.0255 135.4445 14401.965
0639.png 24.025 135.444 14401.99
0640.png 24.0245 135.443 14401.96
0641.png 24.024 135.442 14401.93
0642.png 24.0235 135.4415 14401.89
0643.png 24.023 135.441 14401.85
0644.png 24.022 135.44 14401.805
0645.png 24.021 135.439 14401.76
0646.png 24.0205 135.438 14401.675
0647.png 24.02 135.437 14401.59
0648.png 24.0195 135.4365 14401.495
0649.png 24.019 135.436 14401.4
0650.png 24.0185 135.435 14401.295
0651.png 24.018 135.434 14401.19
0652.png 24.0175 135.433 14401.1
0653.png 24.017 135.432 14401.01
0654.png 24.0165 135.4315 14400.96
0655.png 24.016 135.431 14400.91
0656.png 24.0155 135.43 14400.915
0657.png 24.015 135.429 14400.92
0658.png 24.0145 135.428 14400.975
0659.png 24.014 135.427 14401.03
0660.png 24.013 135.426 14401.125
0661.png 24.012 135.425 14401.22
0662.png 24.0115 135.424 14401.34
0663.png 24.011 135.423 14401.46
0664.png 24.011 135.4225 14401.57
0665.png 24.011 135.422 14401.68
0666.png 24.0105 135.421 14401.735
0667.png 24.01 135.42 14401.79
0668.png 24.0095 135.419 14401.835
0669.png 24.009 135.418 14401.88
0670.png 24.0085 135.417 14402.025
0671.png 24.008 135.416 14402.17
0672.png 24.0075 135.415 14402.315
0673.png 24.007 135.414 14402.46
0674.png 24.0065 135.413 14402.57
0675.png 24.006 135.412 14402.68
0676.png 24.0055 135.411 14402.78
0677.png 24.005 135.41 14402.88
0678.png 24.005 135.409 14402.945
0679.png 24.005 135.408 14403.01
0680.png 24.0045 135.407 14403.0
0681.png 24.004 135.406 14402.99
0682.png 24.0035 135.405 14402.96
0683.png 24.003 135.404 14402.93
0684.png 24.0025 135.403 14402.93
0685.png 24.002 135.402 14402.93
0686.png 24.002 135.401 14402.95
0687.png 24.002 135.4 14402.97
0688.png 24.0015 135.399 14403.045
0689.png 24.001 135.398 14403.12
0690.png 24.0005 135.397 14403.265
0691.png 24.0 135.396 14403.41
0692.png 24.0 135.395 14403.56
0693.png 24.0 135.394 14403.71
0694.png 23.9995 135.393 14403.835
0695.png 23.999 135.392 14403.96
0696.png 23.999 135.391 14404.09
0697.png 23.999 135.39 14404.22
0698.png 23.9985 135.389 14404.31
0699.png 23.998 135.388 14404.4
0700.png 23.998 135.387 14404.51
0701.png 23.998 135.386 14404.62
0702.png 23.9975 135.385 14404.73
0703.png 23.997 135.384 14404.84
0704.png 23.997 135.383 14404.97
0705.png 23.997 135.382 14405.1
0706.png 23.997 135.381 14405.275
0707.png 23.997 135.38 14405.45
0708.png 23.9965 135.379 14405.62
0709.png 23.996 135.378 14405.79
0710.png 23.996 135.377 14405.99
0711.png 23.996 135.376 14406.19
0712.png 23.996 135.375 14406.4
0713.png 23.996 135.374 14406.61
0714.png 23.996 135.3725 14406.825
0715.png 23.996 135.371 14407.04
0716.png 23.9955 135.37 14407.275
0717.png 23.995 135.369 14407.51
0718.png 23.995 135.368 14407.76
0719.png 23.995 135.367 14408.01
0720.png 23.995 135.366 14408.185
0721.png 23.995 135.365 14408.36
0722.png 23.995 135.364 14408.435
0723.png 23.995 135.363 14408.51
0724.png 23.995 135.362 14408.555
0725.png 23.995 135.361 14408.6
0726.png 23.995 135.36 14408.595
0727.png 23.995 135.359 14408.59
0728.png 23.995 135.358 14408.48
0729.png 23.995 135.357 14408.37
0730.png 23.995 135.3555 14408.195
0731.png 23.995 135.354 14408.02
0732.png 23.995 135.353 14407.825
0733.png 23.995 135.352 14407.63
0734.png 23.995 135.351 14407.465
0735.png 23.995 135.35 14407.3
0736.png 23.995 135.349 14407.175
0737.png 23.995 135.348 14407.05
0738.png 23.995 135.347 14406.935
0739.png 23.995 135.346 14406.82
0740.png 23.995 135.345 14406.71
0741.png 23.995 135.344 14406.6
0742.png 23.9955 135.343 14406.515
0743.png 23.996 135.342 14406.43
0744.png 23.996 135.3405 14406.34
0745.png 23.996 135.339 14406.25
0746.png 23.996 135.338 14406.17
0747.png 23.996 135.337 14406.09
0748.png 23.996 135.336 14406.11
0749.png 23.996 135.335 14406.13
0750.png 23.9965 135.334 14406.16
0751.png 23.997 135.333 14406.19
0752.png 23.997 135.332 14406.2
0753.png 23.997 135.331 14406.21
0754.png 23.997 135.33 14406.27
0755.png 23.997 135.329 14406.33
0756.png 23.9975 135.328 14406.45
0757.png 23.998 135.327 14406.57
0758.png 23.998 135.326 14406.69
0759.png 23.998 135.325 14406.81
0760.png 23.9985 135.324 14406.915
0761.png 23.999 135.323 14407.02
0762.png 23.999 135.3215 14407.17
0763.png 23.999 135.32 14407.32
0764.png 23.9995 135.319 14407.48
0765.png 24.0 135.318 14407.64
0766.png 24.0 135.317 14407.79
0767.png 24.0 135.316 14407.94
0768.png 24.0005 135.315 14408.06
0769.png 24.001 135.314 14408.18
0770.png 24.0015 135.313 14408.28
0771.png 24.002 135.312 14408.38
0772.png 24.002 135.311 14408.455
0773.png 24.002 135.31 14408.53
0774.png 24.0025 135.309 14408.58
0775.png 24.003 135.308 14408.63
0776.png 24.0035 135.307 14408.645
0777.png 24.004 135.306 14408.66
0778.png 24.004 135.305 14408.645
0779.png 24.004 135.304 14408.63
0780.png 24.0045 135.303 14408.585
0781.png 24.005 135.302 14408.54
0782.png 24.0055 135.301 14408.51
0783.png 24.006 135.3 14408.48
0784.png 24.0065 135.299 14408.5
0785.png 24.007 135.298 14408.52
0786.png 24.0075 135.297 14408.555
0787.png 24.008 135.296 14408.59
0788.png 24.0085 135.295 14408.665
0789.png 24.009 135.294 14408.74
0790.png 24.0095 135.293 14408.815
0791.png 24.01 135.292 14408.89
0792.png 24.01 135.2915 14408.935
0793.png 24.01 135.291 14408.98
0794.png 24.0105 135.29 14408.975
0795.png 24.011 135.289 14408.97
0796.png 24.0115 135.288 14408.915
0797.png 24.012 135.287 14408.86
0798.png 24.0125 135.286 14408.835
0799.png 24.013 135.285 14408.81
0800.png 24.014 135.284 14408.825
0801.png 24.015 135.283 14408.84
0802.png 24.0155 135.282 14408.94
0803.png 24.016 135.281 14409.04
0804.png 24.0165 135.2805 14409.205
0805.png 24.017 135.28 14409.37
0806.png 24.0175 135.279 14409.515
0807.png 24.018 135.278 14409.66
0808.png 24.0185 135.277 14409.775
0809.png 24.019 135.276 14409.89
0810.png 24.0195 135.275 14409.935
0811.png 24.02 135.274 14409.98
0812.png 24.0205 135.2735 14410.04
0813.png 24.021 135.273 14410.1
0814.png 24.022 135.272 14410.14
0815.png 24.023 135.271 14410.18
0816.png 24.0235 135.27 14410.215
0817.png 24.024 135.269 14410.25
0818.png 24.0245 135.268 14410.27
0819.png 24.025 135.267 14410.29
0820.png 24.026 135.2665 14410.31
0821.png 24.027 135.266 14410.33
0822.png 24.0275 135.265 14410.305
0823.png 24.028 135.264 14410.28
0824.png 24.0285 135.2635 14410.235
0825.png 24.029 135.263 14410.19
0826.png 24.03 135.262 14410.155
0827.png 24.031 135.261 14410.12
0828.png 24.0315 135.2605 14410.065
0829.png 24.032 135.26 14410.01
0830.png 24.0325 135.259 14409.905
0831.png 24.033 135.258 14409.8
0832.png 24.034 135.2575 14409.68
0833.png 24.035 135.257 14409.56
0834.png 24.0355 135.256 14409.54
0835.png 24.036 135.255 14409.52
0836.png 24.037 135.2545 14409.595
0837.png 24.038 135.254 14409.67
0838.png 24.0385 135.253 14409.81
0839.png 24.039 135.252 14409.95
0840.png 24.04 135.2515 14410.065
0841.png 24.041 135.251 14410.18
0842.png 24.042 135.25 14410.295
0843.png 24.043 135.249 14410.41
0844.png 24.0435 135.2485 14410.6
0845.png 24.044 135.248 14410.79
0846.png 24.045 135.2475 14410.97
0847.png 24.046 135.247 14411.15
0848.png 24.0465 135.246 14411.235
0849.png 24.047 135.245 14411.32
0850.png 24.048 135.2445 14411.375
0851.png 24.049 135.244 14411.43
0852.png 24.05 135.2435 14411.475
0853.png 24.051 135.243 14411.52
0854.png 24.0515 135.2425 14411.535
0855.png 24.052 135.242 14411.55
0856.png 24.053 135.2415 14411.555
0857.png 24.054 135.241 14411.56
0858.png 24.055 135.24 14411.575
0859.png 24.056 135.239 14411.59
0860.png 24.0565 135.2385 14411.61
0861.png 24.057 135.238 14411.63
0862.png 24.058 135.2375 14411.675
0863.png 24.059 135.237 14411.72
0864.png 24.06 135.2365 14411.79
0865.png 24.061 135.236 14411.86
0866.png 24.062 135.2355 14411.875
0867.png 24.063 135.235 14411.89
0868.png 24.0635 135.2345 14411.92
0869.png 24.064 135.234 14411.95
0870.png 24.065 135.2335 14411.965
0871.png 24.066 135.233 14411.98
0872.png 24.067 135.2325 14411.985
0873.png 24.068 135.232 14411.99
0874.png 24.069 135.2315 14411.93
0875.png 24.07 135.231 14411.87
0876.png 24.071 135.2305 14411.735
0877.png 24.072 135.23 14411.6
0878.png 24.073 135.23 14411.435
0879.png 24.074 135.23 14411.27
0880.png 24.0745 135.2295 14411.135
0881.png 24.075 135.229 14411.0
0882.png 24.076 135.2285 14410.89
0883.png 24.077 135.228 14410.78
0884.png 24.078 135.2275 14410.725
0885.png 24.079 135.227 14410.67
0886.png 24.08 135.227 14410.635
0887.png 24.081 135.227 14410.6
0888.png 24.082 135.2265 14410.6
0889.png 24.083 135.226 14410.6
0890.png 24.084 135.2255 14410.645
0891.png 24.085 135.225 14410.69
0892.png 24.086 135.225 14410.75
0893.png 24.087 135.225 14410.81
0894.png 24.088 135.2245 14410.855
0895.png 24.089 135.224 14410.9
0896.png 24.09 135.2235 14410.93
0897.png 24.091 135.223 14410.96
0898.png 24.092 135.223 14410.98
0899.png 24.093 135.223 14411.0
0900.png 24.094 135.2225 14411.0
0901.png 24.095 135.222 14411.0
0902.png 24.096 135.222 14411.02
0903.png 24.097 135.222 14411.04
0904.png 24.098 135.222 14411.03
0905.png 24.099 135.222 14411.02
0906.png 24.1 135.2215 14410.99
0907.png 24.101 135.221 14410.96
0908.png 24.1015 135.221 14410.98
0909.png 24.102 135.221 14411.0
0910.png 24.103 135.221 14411.03
0911.png 24.104 135.221 14411.06
0912.png 24.105 135.2205 14411.085
0913.png 24.106 135.22 14411.11
0914.png 24.107 135.22 14411.145
0915.png 24.108 135.22 14411.18
0916.png 24.109 135.22 14411.225
0917.png 24.11 135.22 14411.27
0918.png 24.111 135.22 14411.29
0919.png 24.112 135.22 14411.31
0920.png 24.113 135.2195 14411.26
0921.png 24.114 135.219 14411.21
0922.png 24.1155 135.219 14411.05
0923.png 24.117 135.219 14410.89
0924.png 24.118 135.219 14410.635
0925.png 24.119 135.219 14410.38
0926.png 24.12 135.219 14410.105
0927.png 24.121 135.219 14409.83
0928.png 24.122 135.219 14409.59
0929.png 24.123 135.219 14409.35
0930.png 24.124 135.219 14409.16
0931.png 24.125 135.219 14408.97
0932.png 24.126 135.219 14408.77
0933.png 24.127 135.219 14408.57
0934.png 24.128 135.219 14408.38
0935.png 24.129 135.219 14408.19
0936.png 24.13 135.219 14407.99
0937.png 24.131 135.219 14407.79
0938.png 24.132 135.2195 14407.575
0939.png 24.133 135.22 14407.36
0940.png 24.134 135.22 14407.145
0941.png 24.135 135.22 14406.93
0942.png 24.136 135.22 14406.76
0943.png 24.137 135.22 14406.59
0944.png 24.138 135.22 14406.46
0945.png 24.139 135.22 14406.33
0946.png 24.14 135.2205 14406.28
0947.png 24.141 135.221 14406.23
0948.png 24.142 135.221 14406.28
0949.png 24.143 135.221 14406.33
0950.png 24.144 135.221 14406.435
0951.png 24.145 135.221 14406.54
0952.png 24.146 135.2215 14406.715
0953.png 24.147 135.222 14406.89
0954.png 24.148 135.222 14407.095
0955.png 24.149 135.222 14407.3
0956.png 24.15 135.2225 14407.455
0957.png 24.151 135.223 14407.61
0958.png 24.152 135.223 14407.64
0959.png 24.153 135.223 14407.67
0960.png 24.1535 135.2235 14407.6
0961.png 24.154 135.224 14407.53
0962.png 24.155 135.224 14407.405
0963.png 24.156 135.224 14407.28
0964.png 24.157 135.2245 14407.185
0965.png 24.158 135.225 14407.09
0966.png 24.159 135.225 14406.985
0967.png 24.16 135.225 14406.88
0968.png 24.161 135.2255 14406.775
0969.png 24.162 135.226 14406.67
0970.png 24.163 135.2265 14406.63
0971.png 24.164 135.227 14406.59
0972.png 24.165 135.227 14406.6
0973.png 24.166 135.227 14406.61
0974.png 24.167 135.2275 14406.635
0975.png 24.168 135.228 14406.66
0976.png 24.169 135.2285 14406.695
0977.png 24.17 135.229 14406.73
0978.png 24.171 135.2295 14406.795
0979.png 24.172 135.23 14406.86
0980.png 24.1725 135.2305 14406.925
0981.png 24.173 135.231 14406.99
0982.png 24.174 135.2315 14407.09
0983.png 24.175 135.232 14407.19
0984.png 24.176 135.232 14407.395
0985.png 24.177 135.232 14407.6
0986.png 24.178 135.2325 14407.905
0987.png 24.179 135.233 14408.21
0988.png 24.18 135.2335 14408.595
0989.png 24.181 135.234 14408.98
0990.png 24.182 135.2345 14409.43
0991.png 24.183 135.235 14409.88
0992.png 24.1835 135.2355 14410.335
0993.png 24.184 135.236 14410.79
0994.png 24.185 135.2365 14411.16
0995.png 24.186 135.237 14411.53
0996.png 24.187 135.238 14411.825
0997.png 24.188 135.239 14412.12
0998.png 24.1885 135.2395 14412.275
0999.png 24.189 135.24 14412.43
1000.png 24.19 135.2405 14412.445
1001.png 24.191 135.241 14412.46
1002.png 24.192 135.2415 14412.365
1003.png 24.193 135.242 14412.27
1004.png 24.194 135.2425 14412.09
1005.png 24.195 135.243 14411.91
1006.png 24.1955 135.2435 14411.695
1007.png 24.196 135.244 14411.48
1008.png 24.197 135.245 14411.26
1009.png 24.198 135.246 14411.04
1010.png 24.1985 135.2465 14410.825
1011.png 24.199 135.247 14410.61
1012.png 24.2 135.2475 14410.39
1013.png 24.201 135.248 14410.17
1014.png 24.202 135.249 14409.97
1015.png 24.203 135.25 14409.77
1016.png 24.2035 135.2505 14409.64
1017.png 24.204 135.251 14409.51
1018.png 24.205 135.2515 14409.48
1019.png 24.206 135.252 14409.45
1020.png 24.2065 135.253 14409.45
1021.png 24.207 135.254 14409.45
1022.png 24.208 135.2545 14409.59
1023.png 24.209 135.255 14409.73
1024.png 24.2095 135.256 14409.995
1025.png 24.21 135.257 14410.26
1026.png 24.211 135.2575 14410.54
1027.png 24.212 135.258 14410.82
1028.png 24.2125 135.259 14411.15
1029.png 24.213 135.26 14411.48
1030.png 24.2135 135.2605 14411.76
1031.png 24.214 135.261 14412.04
1032.png 24.215 135.262 14412.3
1033.png 24.216 135.263 14412.56
1034.png 24.2165 135.2635 14412.83
1035.png 24.217 135.264 14413.1
1036.png 24.2175 135.265 14413.36
1037.png 24.218 135.266 14413.62
1038.png 24.219 135.267 14413.825
1039.png 24.22 135.268 14414.03
1040.png 24.2205 135.2685 14414.18
1041.png 24.221 135.269 14414.33
1042.png 24.2215 135.27 14414.39
1043.png 24.222 135.271 14414.45
1044.png 24.223 135.272 14414.42
1045.png 24.224 135.273 14414.39
1046.png 24.2245 135.2735 14414.32
1047.png 24.225 135.274 14414.25
1048.png 24.2255 135.275 14414.13
1049.png 24.226 135.276 14414.01
1050.png 24.2265 135.277 14413.905
